LabVIEW Measurement	
Writer_Version	2
Reader_Version	2
Separator	Tab
Decimal_Separator	.
Multi_Headings	Yes
X_Columns	One
Time_Pref	Relative
Operator	rsh2268
Date	2024/10/01
Time	17:23:19.2218041419982910156
***End_of_Header***	
	
Channels	2		
Samples	1100	1100	
Date	2024/10/01	2024/10/01	
Time	17:23:19.2218041419982910156	17:23:19.2218041419982910156	
X_Dimension	Time	Time	
X0	0.0000000000000000E+0	0.0000000000000000E+0	
Delta_X	0.000000	0.000000	
***End_of_Header***			
X_Value	Untitled	Untitled 1	Comment
0.000000	0.001945	-0.001618
0.000000	0.001945	-0.000354
0.000000	0.001945	-0.000354
0.000000	0.002582	-0.000354
0.000000	0.001308	-3.854300E-5
0.000000	0.001945	-0.000354
0.000000	0.000989	-0.000670
0.000000	0.001626	-0.000354
0.000000	0.001308	-0.000354
0.000000	0.001626	-3.854300E-5
0.000000	0.002264	-0.000354
0.000000	0.001626	0.000277
0.000000	0.002264	-0.000354
0.000000	0.002264	-3.854300E-5
0.000000	0.001626	-0.000354
0.000000	0.001626	-3.854300E-5
0.000000	0.001945	-0.000670
0.000000	0.001945	-0.000354
0.000000	0.002264	-3.854300E-5
0.000000	0.001626	-0.000354
0.000000	0.001945	-0.000354
0.000000	0.001945	-3.854300E-5
0.000000	0.001945	-0.000670
0.000000	0.001945	0.000277
0.000000	0.002264	-0.000670
0.000000	0.002582	-0.000354
0.000000	0.002264	-0.000354
0.000000	0.001626	-3.854300E-5
0.000000	0.002582	0.000277
0.000000	0.001308	-3.854300E-5
0.000000	0.001945	0.000277
0.000000	0.001945	-0.000354
0.000000	0.001945	-0.000670
0.000000	0.002264	-3.854300E-5
0.000000	0.001945	-3.854300E-5
0.000000	0.001945	0.000277
0.000000	0.002582	-3.854300E-5
0.000000	0.001945	-0.000354
0.000000	0.002264	-0.000354
0.000000	0.001626	-0.000354
0.000000	0.001945	-0.000354
0.000000	0.002264	0.000277
0.000000	0.001945	-3.854300E-5
0.000000	0.001945	-3.854300E-5
0.000000	0.002264	0.000277
0.000000	0.002582	-0.000354
0.000000	0.002264	-3.854300E-5
0.000000	0.001945	-0.000354
0.000000	0.001945	-3.854300E-5
0.000000	0.002264	-0.000354
0.000000	0.001945	-0.000354
0.000000	0.002582	0.000593
0.000000	0.002264	-0.000354
0.000000	0.001945	-3.854300E-5
0.000000	0.002264	-3.854300E-5
0.000000	0.001945	-0.000354
0.000000	0.001626	-3.854300E-5
0.000000	0.001945	0.000593
0.000000	0.001945	-0.000354
0.000000	0.002264	-0.000354
0.000000	0.001626	-0.000354
0.000000	0.002264	0.000277
0.000000	0.002582	-0.000354
0.000000	0.002264	-0.000354
0.000000	0.001945	-0.000354
0.000000	0.001945	-3.854300E-5
0.000000	0.002264	-0.000354
0.000000	0.001945	-3.854300E-5
0.000000	0.002264	-3.854300E-5
0.000000	0.001945	-0.000354
0.000000	0.001945	-3.854300E-5
0.000000	0.001945	-0.000354
0.000000	0.002264	-0.000354
0.000000	0.001626	-3.854300E-5
0.000000	0.001945	-0.000670
0.000000	0.002901	0.000277
0.000000	0.002264	-0.000354
0.000000	0.002264	-0.000354
0.000000	0.001945	0.000277
0.000000	0.002582	-3.854300E-5
0.000000	0.001626	-0.000354
0.000000	0.002264	-0.000354
0.000000	0.002264	-0.000354
0.000000	0.001945	-3.854300E-5
0.000000	0.001626	-0.000354
0.000000	0.001945	-0.000670
0.000000	0.002264	-0.000354
0.000000	0.001626	-0.000670
0.000000	0.002264	-0.000354
0.000000	0.001945	-3.854300E-5
0.000000	0.002264	-3.854300E-5
0.000000	0.001945	-3.854300E-5
0.000000	0.001945	-0.000670
0.000000	0.002582	-0.000354
0.000000	0.001626	-0.000354
0.000000	0.002264	-0.000354
0.000000	0.002264	-3.854300E-5
0.000000	0.001626	-3.854300E-5
0.000000	0.002264	-0.000354
0.000000	0.001626	-0.000670
0.000000	0.001308	-0.000354
0.000000	0.001308	-3.854300E-5
0.000000	0.001945	-0.000986
0.000000	0.002264	-0.000354
0.000000	0.001945	-3.854300E-5
0.000000	0.002264	-0.000354
0.000000	0.002264	-3.854300E-5
0.000000	0.001308	-0.000354
0.000000	0.001945	-0.000354
0.000000	0.001626	-0.000670
0.000000	0.001945	-3.854300E-5
0.000000	0.002264	0.000277
0.000000	0.001626	-0.000354
0.000000	0.001945	-3.854300E-5
0.000000	0.001308	-0.000670
0.000000	0.001945	-0.000986
0.000000	0.001945	-0.000670
0.000000	0.001308	-0.000354
0.000000	0.002264	-3.854300E-5
0.000000	0.001945	-0.000354
0.000000	0.002264	-3.854300E-5
0.000000	0.001626	-3.854300E-5
0.000000	0.001945	-0.000354
0.000000	0.002264	-3.854300E-5
0.000000	0.001945	-0.000354
0.000000	0.002264	-0.000354
0.000000	0.001626	-3.854300E-5
0.000000	0.001626	-0.000354
0.000000	0.002264	-3.854300E-5
0.000000	0.001308	-0.000354
0.000000	0.001626	-0.000670
0.000000	0.001308	-3.854300E-5
0.000000	0.001945	-0.000670
0.000000	0.001945	-0.000354
0.000000	0.001945	-0.000986
0.000000	0.001626	-0.000354
0.000000	0.002264	-3.854300E-5
0.000000	0.001308	-0.000354
0.000000	0.001945	-0.000670
0.000000	0.001945	-0.000354
0.000000	0.001945	-0.000354
0.000000	0.001945	-0.000354
0.000000	0.001945	-0.000670
0.000000	0.002264	-3.854300E-5
0.000000	0.001626	-3.854300E-5
0.000000	0.001945	0.000277
0.000000	0.001945	-0.000354
0.000000	0.000989	-3.854300E-5
0.000000	0.002582	-0.000354
0.000000	0.001945	-0.000670
0.000000	0.001626	-0.000354
0.000000	0.001626	-3.854300E-5
0.000000	0.001626	-3.854300E-5
0.000000	0.002582	-0.000354
0.000000	0.001308	-3.854300E-5
0.000000	0.001945	-0.000986
0.000000	0.001626	-0.000354
0.000000	0.001945	-3.854300E-5
0.000000	0.002582	-3.854300E-5
0.000000	0.001626	-3.854300E-5
0.000000	0.001945	-3.854300E-5
0.000000	0.001626	-0.000670
0.000000	0.001945	-3.854300E-5
0.000000	0.002264	-3.854300E-5
0.000000	0.001626	-0.000986
0.000000	0.001945	-0.000354
0.000000	0.001945	-0.000670
0.000000	0.001945	-0.000670
0.000000	0.002582	0.000593
0.000000	0.002264	-3.854300E-5
0.000000	0.001626	-0.000354
0.000000	0.002264	-0.000354
0.000000	0.001945	-0.000354
0.000000	0.002264	-0.000354
0.000000	0.002582	-0.000354
0.000000	0.002264	-0.000354
0.000000	0.002264	-3.854300E-5
0.000000	0.001945	-0.000354
0.000000	0.002264	-0.000354
0.000000	0.001626	-0.000986
0.000000	0.001945	-0.000354
0.000000	0.002264	-0.000354
0.000000	0.002582	-0.000354
0.000000	0.002264	-3.854300E-5
0.000000	0.001945	-3.854300E-5
0.000000	0.002264	-0.000354
0.000000	0.002264	-3.854300E-5
0.000000	0.001626	-0.000670
0.000000	0.002264	-0.000354
0.000000	0.001945	0.000593
0.000000	0.002264	0.000277
0.000000	0.002582	0.000277
0.000000	0.001945	-0.000354
0.000000	0.002264	-3.854300E-5
0.000000	0.002264	-0.000354
0.000000	0.002582	0.000277
0.000000	0.002901	-0.000354
0.000000	0.002264	-3.854300E-5
0.000000	0.002264	-3.854300E-5
0.000000	0.001308	-0.000354
0.000000	0.002901	-0.000354
0.000000	0.001626	-0.000354
0.000000	0.001626	-0.000354
0.000000	0.002582	-0.000354
0.000000	0.001626	-0.000354
0.000000	0.001945	-0.000354
0.000000	0.002264	-3.854300E-5
0.000000	0.001945	-0.000354
0.000000	0.001945	-0.000354
0.000000	0.001945	-0.000354
0.000000	0.001945	-0.000354
0.000000	0.002582	-0.000354
0.000000	0.001626	-0.000354
0.000000	0.001945	0.000277
0.000000	0.001626	-0.000670
0.000000	0.002264	-0.000354
0.000000	0.001945	-3.854300E-5
0.000000	0.001626	-0.001302
0.000000	0.001945	-0.000670
0.000000	0.001308	-0.000354
0.000000	0.001626	-0.000670
0.000000	0.001945	-0.000354
0.000000	0.001626	-3.854300E-5
0.000000	0.002264	-3.854300E-5
0.000000	0.001945	-0.000354
0.000000	0.001945	-0.000354
0.000000	0.001626	-3.854300E-5
0.000000	0.001626	-0.000354
0.000000	0.002582	-0.000354
0.000000	0.002264	-3.854300E-5
0.000000	0.001308	-3.854300E-5
0.000000	0.002264	-3.854300E-5
0.000000	0.001308	-0.000354
0.000000	0.001626	-0.000354
0.000000	0.001626	-0.000354
0.000000	0.001626	-0.000354
0.000000	0.001945	0.000593
0.000000	0.002264	-0.000354
0.000000	0.002264	-3.854300E-5
0.000000	0.001626	-3.854300E-5
0.000000	0.001945	-0.000354
0.000000	0.002582	0.000277
0.000000	0.001945	-0.000354
0.000000	0.002264	-0.000354
0.000000	0.002264	-0.000354
0.000000	0.002264	-0.000354
0.000000	0.002264	-3.854300E-5
0.000000	0.001945	-0.000354
0.000000	0.002264	-3.854300E-5
0.000000	0.001945	-0.000986
0.000000	0.001945	-0.000354
0.000000	0.001945	-3.854300E-5
0.000000	0.002582	-0.000354
0.000000	0.001626	0.000277
0.000000	0.001945	-3.854300E-5
0.000000	0.001945	-3.854300E-5
0.000000	0.001945	-0.000670
0.000000	0.001945	-0.000354
0.000000	0.001945	-3.854300E-5
0.000000	0.001945	-0.000354
0.000000	0.001626	-3.854300E-5
0.000000	0.001945	-3.854300E-5
0.000000	0.002582	-0.000986
0.000000	0.002264	-0.000354
0.000000	0.001945	-0.000354
0.000000	0.002264	-0.000354
0.000000	0.000989	-0.000670
0.000000	0.001626	-0.000354
0.000000	0.001945	-0.000354
0.000000	0.001945	-0.000354
0.000000	0.002264	-0.000354
0.000000	0.001626	-0.000670
0.000000	0.002582	-3.854300E-5
0.000000	0.002264	0.000593
0.000000	0.001945	-3.854300E-5
0.000000	0.002264	-3.854300E-5
0.000000	0.001945	-0.000354
0.000000	0.001626	-0.000354
0.000000	0.002264	-0.000354
0.000000	0.001626	-3.854300E-5
0.000000	0.001626	-0.000354
0.000000	0.001945	-3.854300E-5
0.000000	0.001945	-0.000354
0.000000	0.001945	-0.000354
0.000000	0.001626	-0.000670
0.000000	0.001626	-0.000354
0.000000	0.002264	-3.854300E-5
0.000000	0.001626	-0.000354
0.000000	0.002264	-3.854300E-5
0.000000	0.002264	-3.854300E-5
0.000000	0.001945	-0.000354
0.000000	0.002264	-3.854300E-5
0.000000	0.001626	-3.854300E-5
0.000000	0.001945	-0.000354
0.000000	0.002264	-3.854300E-5
0.000000	0.001945	-0.000354
0.000000	0.001626	-0.000354
0.000000	0.001945	-3.854300E-5
0.000000	0.001626	-0.000354
0.000000	0.001626	-0.001302
0.000000	0.001945	0.000277
0.000000	0.001945	-0.000354
0.000000	0.001626	-0.000354
0.000000	0.001945	-3.854300E-5
0.000000	0.001945	-0.000354
0.000000	0.001945	-0.000670
0.000000	0.002582	-3.854300E-5
0.000000	0.001945	-0.000354
0.000000	0.001945	-3.854300E-5
0.000000	0.001945	-0.000354
0.000000	0.001945	-0.000354
0.000000	0.001626	-0.000354
0.000000	0.001945	-3.854300E-5
0.000000	0.002264	-0.000354
0.000000	0.002264	-3.854300E-5
0.000000	0.001626	-3.854300E-5
0.000000	0.001626	-0.000354
0.000000	0.001626	-0.000670
0.000000	0.001626	-0.000354
0.000000	0.001945	-0.000354
0.000000	0.002264	-3.854300E-5
0.000000	0.002582	0.000277
0.000000	0.002264	-0.000354
0.000000	0.001626	-3.854300E-5
0.000000	0.001945	-3.854300E-5
0.000000	0.001945	-3.854300E-5
0.000000	0.002264	-0.000354
0.000000	0.001945	-3.854300E-5
0.000000	0.001945	-0.000670
0.000000	0.001945	-3.854300E-5
0.000000	0.002264	-3.854300E-5
0.000000	0.001945	-0.000670
0.000000	0.001945	-0.000354
0.000000	0.001945	-0.000670
0.000000	0.001626	-3.854300E-5
0.000000	0.001945	-0.000670
0.000000	0.001626	-0.000354
0.000000	0.002264	-0.000354
0.000000	0.002582	0.000277
0.000000	0.001626	-0.000354
0.000000	0.001945	-0.000354
0.000000	0.001626	-3.854300E-5
0.000000	0.001945	-0.000670
0.000000	0.001945	-0.000354
0.000000	0.001626	-0.000986
0.000000	0.001945	-0.000354
0.000000	0.001945	0.000593
0.000000	0.001945	-3.854300E-5
0.000000	0.001626	-3.854300E-5
0.000000	0.002582	-3.854300E-5
0.000000	0.001945	-0.000670
0.000000	0.001945	-3.854300E-5
0.000000	0.001945	-0.000354
0.000000	0.001626	-0.000354
0.000000	0.001945	-0.000354
0.000000	0.002901	-3.854300E-5
0.000000	0.001308	0.000277
0.000000	0.001945	-0.000354
0.000000	0.002582	0.000593
0.000000	0.001626	-0.000354
0.000000	0.001945	-0.000670
0.000000	0.002901	-0.000354
0.000000	0.001626	-0.000354
0.000000	0.001945	-3.854300E-5
0.000000	0.001626	-3.854300E-5
0.000000	0.001626	-0.000354
0.000000	0.002264	-3.854300E-5
0.000000	0.001945	0.000593
0.000000	0.001945	-3.854300E-5
0.000000	0.001626	-0.000670
0.000000	0.002264	-3.854300E-5
0.000000	0.002582	0.000277
0.000000	0.001945	-3.854300E-5
0.000000	0.002264	-0.000354
0.000000	0.001945	-0.000354
0.000000	0.001626	-0.000354
0.000000	0.002264	-0.000670
0.000000	0.001626	-0.000670
0.000000	0.001945	-0.000354
0.000000	0.001945	-0.000354
0.000000	0.001626	-3.854300E-5
0.000000	0.001945	-0.000354
0.000000	0.001945	-3.854300E-5
0.000000	0.002264	-3.854300E-5
0.000000	0.001626	-0.000670
0.000000	0.001945	-0.000354
0.000000	0.001945	-0.000670
0.000000	0.001945	-0.000354
0.000000	0.002264	-3.854300E-5
0.000000	0.002264	-0.000354
0.000000	0.001945	-0.000354
0.000000	0.002901	0.000277
0.000000	0.001308	-0.000354
0.000000	0.002264	-3.854300E-5
0.000000	0.001626	-0.000354
0.000000	0.001945	-0.000354
0.000000	0.001626	-0.000670
0.000000	0.001945	-0.000354
0.000000	0.001945	0.000277
0.000000	0.001945	-3.854300E-5
0.000000	0.001945	-0.000354
0.000000	0.001626	-3.854300E-5
0.000000	0.001626	-3.854300E-5
0.000000	0.002264	-0.000354
0.000000	0.001626	-0.000354
0.000000	0.001945	0.000277
0.000000	0.001945	-3.854300E-5
0.000000	0.001626	-0.000354
0.000000	0.001945	-0.000354
0.000000	0.001945	-0.000354
0.000000	0.001945	-0.000354
0.000000	0.001945	-3.854300E-5
0.000000	0.000989	-0.000670
0.000000	0.001945	-3.854300E-5
0.000000	0.001945	-0.000354
0.000000	0.001626	0.000593
0.000000	0.002264	0.000277
0.000000	0.001945	-0.000354
0.000000	0.001945	-0.000354
0.000000	0.001945	-0.000354
0.000000	0.001945	-0.000670
0.000000	0.002582	-0.000354
0.000000	0.002264	-0.000354
0.000000	0.001626	-0.000354
0.000000	0.002264	-0.000354
0.000000	0.002264	-3.854300E-5
0.000000	0.001945	-0.000354
0.000000	0.001626	-0.000354
0.000000	0.001626	-0.000670
0.000000	0.001626	-0.000354
0.000000	0.002264	-0.000354
0.000000	0.001626	-3.854300E-5
0.000000	0.001626	-0.000354
0.000000	0.001945	-0.000354
0.000000	0.000989	-0.000670
0.000000	0.001945	0.000277
0.000000	0.001945	-0.000354
0.000000	0.002582	0.000277
0.000000	0.001626	-0.000354
0.000000	0.001945	-3.854300E-5
0.000000	0.002582	0.000277
0.000000	0.001945	-0.000354
0.000000	0.001626	-0.000354
0.000000	0.002264	-3.854300E-5
0.000000	0.001626	-3.854300E-5
0.000000	0.002582	0.000593
0.000000	0.001945	-0.000354
0.000000	0.001945	-3.854300E-5
0.000000	0.001945	-0.000354
0.000000	0.001945	-0.000354
0.000000	0.001626	-0.000354
0.000000	0.001945	-0.000354
0.000000	0.001308	-0.000670
0.000000	0.002264	-0.000354
0.000000	0.002264	-3.854300E-5
0.000000	0.002264	-3.854300E-5
0.000000	0.001945	-3.854300E-5
0.000000	0.001945	-3.854300E-5
0.000000	0.002264	-0.000354
0.000000	0.001626	-0.000354
0.000000	0.001626	-0.000670
0.000000	0.001626	-0.000670
0.000000	0.001626	-0.000354
0.000000	0.001945	-0.000354
0.000000	0.001945	-3.854300E-5
0.000000	0.001308	-0.000670
0.000000	0.001945	-0.000354
0.000000	0.001945	-0.000354
0.000000	0.001626	-0.000354
0.000000	0.001945	-3.854300E-5
0.000000	0.001945	-3.854300E-5
0.000000	0.002264	-0.000354
0.000000	0.001945	-3.854300E-5
0.000000	0.001945	-0.000354
0.000000	0.001626	-3.854300E-5
0.000000	0.002582	-0.000354
0.000000	0.002264	-0.000986
0.000000	0.002264	-0.000670
0.000000	0.002264	-3.854300E-5
0.000000	0.000989	-0.000670
0.000000	0.002582	0.000277
0.000000	0.002582	-0.000354
0.000000	0.002582	-3.854300E-5
0.000000	0.001945	-3.854300E-5
0.000000	0.002582	-0.000354
0.000000	0.002582	-0.000354
0.000000	0.001945	-3.854300E-5
0.000000	0.001626	-3.854300E-5
0.000000	0.001945	0.000277
0.000000	0.001945	-0.000354
0.000000	0.002582	0.000277
0.000000	0.002582	-0.000670
0.000000	0.002582	-0.000986
0.000000	0.003219	-0.000670
0.000000	0.002901	-0.000354
0.000000	0.002582	-3.854300E-5
0.000000	0.002582	-0.000354
0.000000	0.002264	-0.000354
0.000000	0.002901	-0.000354
0.000000	0.003538	-3.854300E-5
0.000000	0.002264	-0.000670
0.000000	0.002901	-0.001302
0.000000	0.004494	-0.000986
0.000000	0.005131	-0.000354
0.000000	0.004494	-0.000354
0.000000	0.004175	-0.001302
0.000000	0.004813	-0.000986
0.000000	0.004494	-0.002250
0.000000	0.003857	-0.002250
0.000000	0.004494	-0.001934
0.000000	0.004494	-0.001934
0.000000	0.005450	-0.002250
0.000000	0.004175	-0.002566
0.000000	0.006087	-0.002566
0.000000	0.004813	-0.002881
0.000000	0.007999	-0.002566
0.000000	0.006406	-0.003197
0.000000	0.009274	-0.003197
0.000000	0.009274	-0.003513
0.000000	0.008318	-0.002881
0.000000	0.011186	-0.004145
0.000000	0.010230	-0.003829
0.000000	0.011186	-0.004145
0.000000	0.013416	-0.004461
0.000000	0.014372	-0.004461
0.000000	0.014053	-0.004777
0.000000	0.015965	-0.006672
0.000000	0.018833	-0.006356
0.000000	0.014372	-0.006356
0.000000	0.018514	-0.006988
0.000000	0.021063	-0.006988
0.000000	0.019470	-0.008251
0.000000	0.022019	-0.009199
0.000000	0.024887	-0.009831
0.000000	0.022019	-0.010463
0.000000	0.025843	-0.010463
0.000000	0.030304	-0.011726
0.000000	0.029348	-0.012358
0.000000	0.026480	-0.013306
0.000000	0.029667	-0.014253
0.000000	0.023613	-0.014885
0.000000	0.031897	-0.016148
0.000000	0.037314	-0.016464
0.000000	0.034446	-0.017096
0.000000	0.033172	-0.018044
0.000000	0.036996	-0.018676
0.000000	0.033809	-0.019623
0.000000	0.036358	-0.020571
0.000000	0.038907	-0.021203
0.000000	0.037633	-0.022466
0.000000	0.043687	-0.023730
0.000000	0.039863	-0.024677
0.000000	0.044962	-0.026573
0.000000	0.044006	-0.027204
0.000000	0.045599	-0.027836
0.000000	0.044643	-0.028784
0.000000	0.048148	-0.029415
0.000000	0.047192	-0.031311
0.000000	0.045918	-0.032890
0.000000	0.047511	-0.033522
0.000000	0.046555	-0.035733
0.000000	0.052291	-0.036681
0.000000	0.043050	-0.037628
0.000000	0.056433	-0.039524
0.000000	0.054202	-0.040471
0.000000	0.051016	-0.041419
0.000000	0.053565	-0.042998
0.000000	0.057389	-0.044262
0.000000	0.058026	-0.045525
0.000000	0.054840	-0.047105
0.000000	0.059619	-0.048684
0.000000	0.053565	-0.050580
0.000000	0.059301	-0.051211
0.000000	0.061213	-0.052475
0.000000	0.063762	-0.054370
0.000000	0.057070	-0.055318
0.000000	0.064080	-0.055949
0.000000	0.057389	-0.057845
0.000000	0.060257	-0.058161
0.000000	0.064718	-0.059108
0.000000	0.062168	-0.060688
0.000000	0.064718	-0.060688
0.000000	0.065674	-0.062583
0.000000	0.065674	-0.062899
0.000000	0.065355	-0.063215
0.000000	0.070772	-0.064478
0.000000	0.068223	-0.065426
0.000000	0.070453	-0.065426
0.000000	0.070135	-0.066689
0.000000	0.067904	-0.067321
0.000000	0.068860	-0.067637
0.000000	0.071728	-0.067953
0.000000	0.067585	-0.068901
0.000000	0.069497	-0.068269
0.000000	0.069816	-0.069532
0.000000	0.070135	-0.069848
0.000000	0.071090	-0.070164
0.000000	0.073958	-0.070480
0.000000	0.069816	-0.070164
0.000000	0.073958	-0.072059
0.000000	0.075551	-0.072059
0.000000	0.074914	-0.072059
0.000000	0.071090	-0.072059
0.000000	0.070453	-0.071428
0.000000	0.067585	-0.073323
0.000000	0.070135	-0.073007
0.000000	0.070772	-0.073007
0.000000	0.074914	-0.073323
0.000000	0.077145	-0.073007
0.000000	0.070772	-0.073323
0.000000	0.069816	-0.073639
0.000000	0.074277	-0.073639
0.000000	0.072365	-0.073955
0.000000	0.076507	-0.074271
0.000000	0.073958	-0.073639
0.000000	0.074277	-0.073955
0.000000	0.075233	-0.074902
0.000000	0.076826	-0.073955
0.000000	0.074596	-0.074902
0.000000	0.073640	-0.074271
0.000000	0.073958	-0.073955
0.000000	0.074596	-0.074271
0.000000	0.074914	-0.074902
0.000000	0.076507	-0.074902
0.000000	0.075551	-0.075218
0.000000	0.078419	-0.074902
0.000000	0.072046	-0.074902
0.000000	0.077782	-0.075534
0.000000	0.076189	-0.075218
0.000000	0.079057	-0.074586
0.000000	0.077463	-0.075534
0.000000	0.076826	-0.074902
0.000000	0.073958	-0.075218
0.000000	0.075551	-0.075850
0.000000	0.074596	-0.075850
0.000000	0.075551	-0.075534
0.000000	0.075870	-0.075850
0.000000	0.078101	-0.075218
0.000000	0.073958	-0.075850
0.000000	0.076826	-0.075218
0.000000	0.074914	-0.075850
0.000000	0.078738	-0.075850
0.000000	0.080012	-0.075218
0.000000	0.076826	-0.075534
0.000000	0.077145	-0.076166
0.000000	0.075870	-0.075534
0.000000	0.076507	-0.075218
0.000000	0.076189	-0.075534
0.000000	0.077463	-0.074902
0.000000	0.080331	-0.076166
0.000000	0.074277	-0.075218
0.000000	0.077782	-0.074902
0.000000	0.074277	-0.075218
0.000000	0.076189	-0.075534
0.000000	0.077145	-0.075534
0.000000	0.075551	-0.075534
0.000000	0.073958	-0.075850
0.000000	0.079057	-0.075534
0.000000	0.081287	-0.075218
0.000000	0.075870	-0.075850
0.000000	0.082243	-0.075534
0.000000	0.077145	-0.075850
0.000000	0.079694	-0.076166
0.000000	0.078738	-0.076166
0.000000	0.080012	-0.075534
0.000000	0.076507	-0.075534
0.000000	0.074596	-0.075218
0.000000	0.073958	-0.075850
0.000000	0.077145	-0.075534
0.000000	0.076507	-0.075850
0.000000	0.077463	-0.075218
0.000000	0.073958	-0.076166
0.000000	0.074277	-0.075850
0.000000	0.074596	-0.075534
0.000000	0.074914	-0.076798
0.000000	0.074914	-0.075534
0.000000	0.081924	-0.075850
0.000000	0.075233	-0.076166
0.000000	0.080012	-0.076166
0.000000	0.079375	-0.076166
0.000000	0.076507	-0.075534
0.000000	0.076507	-0.074902
0.000000	0.078101	-0.074902
0.000000	0.075233	-0.075850
0.000000	0.076826	-0.075850
0.000000	0.077463	-0.075534
0.000000	0.073321	-0.075218
0.000000	0.074914	-0.076166
0.000000	0.078738	-0.075534
0.000000	0.075551	-0.076482
0.000000	0.074914	-0.076798
0.000000	0.076189	-0.075534
0.000000	0.071728	-0.075850
0.000000	0.077145	-0.076166
0.000000	0.080331	-0.075850
0.000000	0.075233	-0.076798
0.000000	0.075233	-0.075850
0.000000	0.076189	-0.075534
0.000000	0.076826	-0.075534
0.000000	0.076507	-0.076166
0.000000	0.075870	-0.074902
0.000000	0.077463	-0.076166
0.000000	0.075870	-0.076166
0.000000	0.075233	-0.076166
0.000000	0.073640	-0.076166
0.000000	0.078101	-0.075850
0.000000	0.072365	-0.076166
0.000000	0.073958	-0.076798
0.000000	0.074277	-0.076166
0.000000	0.077463	-0.076166
0.000000	0.076507	-0.075850
0.000000	0.074914	-0.076166
0.000000	0.074596	-0.076482
0.000000	0.076507	-0.075850
0.000000	0.072365	-0.076482
0.000000	0.074914	-0.076798
0.000000	0.073958	-0.075534
0.000000	0.077782	-0.076166
0.000000	0.077145	-0.075850
0.000000	0.076507	-0.077114
0.000000	0.076507	-0.076482
0.000000	0.075233	-0.076166
0.000000	0.073321	-0.076166
0.000000	0.076507	-0.076166
0.000000	0.077145	-0.075850
0.000000	0.074596	-0.075850
0.000000	0.073640	-0.076166
0.000000	0.073321	-0.076798
0.000000	0.078101	-0.076166
0.000000	0.072365	-0.076798
0.000000	0.076189	-0.075850
0.000000	0.077145	-0.076798
0.000000	0.076189	-0.076798
0.000000	0.076507	-0.075850
0.000000	0.079057	-0.075850
0.000000	0.072365	-0.076166
0.000000	0.073640	-0.076166
0.000000	0.074277	-0.076482
0.000000	0.073321	-0.075850
0.000000	0.076826	-0.076482
0.000000	0.075551	-0.076166
0.000000	0.073958	-0.076166
0.000000	0.075551	-0.076482
0.000000	0.075870	-0.076166
0.000000	0.073640	-0.076166
0.000000	0.077145	-0.076482
0.000000	0.073640	-0.076166
0.000000	0.074277	-0.076482
0.000000	0.077145	-0.075534
0.000000	0.076507	-0.075850
0.000000	0.072046	-0.076482
0.000000	0.077145	-0.075850
0.000000	0.073002	-0.076482
0.000000	0.072684	-0.075850
0.000000	0.071409	-0.076482
0.000000	0.076507	-0.076798
0.000000	0.073640	-0.075850
0.000000	0.073321	-0.076166
0.000000	0.072684	-0.076166
0.000000	0.074596	-0.075850
0.000000	0.074914	-0.076166
0.000000	0.074596	-0.076166
0.000000	0.075870	-0.076798
0.000000	0.073958	-0.076798
0.000000	0.073002	-0.076482
0.000000	0.074914	-0.076166
0.000000	0.073640	-0.076166
0.000000	0.075870	-0.075850
0.000000	0.072046	-0.075534
0.000000	0.073958	-0.076798
0.000000	0.074914	-0.076798
0.000000	0.076826	-0.076166
0.000000	0.074596	-0.075850
0.000000	0.074596	-0.075850
0.000000	0.073958	-0.076166
0.000000	0.072046	-0.076166
0.000000	0.074596	-0.076482
0.000000	0.073958	-0.076798
0.000000	0.073321	-0.076798
0.000000	0.073958	-0.076798
0.000000	0.071728	-0.076482
0.000000	0.073958	-0.076166
0.000000	0.074914	-0.075534
0.000000	0.073321	-0.076166
0.000000	0.072365	-0.076166
0.000000	0.071728	-0.076482
0.000000	0.075551	-0.077114
0.000000	0.072365	-0.076166
0.000000	0.071409	-0.076798
0.000000	0.074914	-0.076798
0.000000	0.077145	-0.076798
0.000000	0.073958	-0.076482
0.000000	0.077463	-0.076166
0.000000	0.073002	-0.076482
0.000000	0.073958	-0.076166
0.000000	0.073640	-0.076166
0.000000	0.069816	-0.077429
0.000000	0.074596	-0.076166
0.000000	0.072365	-0.076482
0.000000	0.075551	-0.076166
0.000000	0.074277	-0.075850
0.000000	0.074596	-0.076798
0.000000	0.073958	-0.076798
0.000000	0.074277	-0.076798
0.000000	0.071728	-0.076482
0.000000	0.073640	-0.076798
0.000000	0.073321	-0.076166
0.000000	0.070453	-0.076482
0.000000	0.072684	-0.076166
0.000000	0.073002	-0.076166
0.000000	0.073002	-0.076798
0.000000	0.073640	-0.076482
0.000000	0.073321	-0.076798
0.000000	0.075233	-0.076798
0.000000	0.074596	-0.076798
0.000000	0.073640	-0.075850
0.000000	0.073321	-0.075850
0.000000	0.069816	-0.076798
0.000000	0.066948	-0.075850
0.000000	0.075233	-0.076482
0.000000	0.073640	-0.076482
0.000000	0.072046	-0.076482
0.000000	0.071409	-0.076798
0.000000	0.075233	-0.076166
0.000000	0.073321	-0.076482
0.000000	0.075233	-0.076166
0.000000	0.072684	-0.076798
0.000000	0.069179	-0.076166
0.000000	0.069816	-0.076798
0.000000	0.070453	-0.077114
0.000000	0.075870	-0.076166
0.000000	0.070453	-0.076482
0.000000	0.073002	-0.077114
0.000000	0.071409	-0.076798
0.000000	0.073958	-0.076166
0.000000	0.075870	-0.076482
0.000000	0.069816	-0.076482
0.000000	0.073321	-0.077114
0.000000	0.074914	-0.076482
0.000000	0.073958	-0.076482
0.000000	0.071409	-0.076798
0.000000	0.069497	-0.076798
0.000000	0.069816	-0.077114
0.000000	0.070135	-0.076798
0.000000	0.071728	-0.077429
0.000000	0.069179	-0.077114
0.000000	0.069179	-0.077114
0.000000	0.067267	-0.076482
0.000000	0.066629	-0.076798
0.000000	0.067267	-0.076482
0.000000	0.062806	-0.076798
0.000000	0.064399	-0.077429
0.000000	0.065992	-0.076482
0.000000	0.064399	-0.077114
0.000000	0.062487	-0.078061
0.000000	0.061531	-0.076798
0.000000	0.062487	-0.077429
0.000000	0.055796	-0.076798
0.000000	0.060575	-0.077429
0.000000	0.058982	-0.077745
0.000000	0.055477	-0.077745
0.000000	0.057389	-0.077745
0.000000	0.054840	-0.078377
0.000000	0.055477	-0.077429
0.000000	0.055477	-0.078377
0.000000	0.052928	-0.078377
0.000000	0.051016	-0.077745
0.000000	0.051016	-0.078377
0.000000	0.052291	-0.078061
0.000000	0.047192	-0.079009
0.000000	0.046236	-0.078377
0.000000	0.047511	-0.078693
0.000000	0.045280	-0.078693
0.000000	0.045280	-0.079009
0.000000	0.046236	-0.079641
0.000000	0.045918	-0.079009
0.000000	0.044006	-0.079325
0.000000	0.042413	-0.079325
0.000000	0.041775	-0.078061
0.000000	0.041457	-0.077114
0.000000	0.040501	-0.075850
0.000000	0.040182	-0.074902
0.000000	0.038907	-0.073955
0.000000	0.041775	-0.072375
0.000000	0.039545	-0.071744
0.000000	0.039226	-0.070480
0.000000	0.036358	-0.069216
0.000000	0.038907	-0.068585
0.000000	0.035402	-0.066058
0.000000	0.035721	-0.064794
0.000000	0.036677	-0.064162
0.000000	0.036040	-0.061635
0.000000	0.036040	-0.061004
0.000000	0.034128	-0.059740
0.000000	0.031579	-0.057529
0.000000	0.030941	-0.056897
0.000000	0.033491	-0.054370
0.000000	0.032853	-0.052791
0.000000	0.031579	-0.050580
0.000000	0.028711	-0.049000
0.000000	0.030304	-0.046789
0.000000	0.029667	-0.044894
0.000000	0.029348	-0.043946
0.000000	0.028074	-0.042367
0.000000	0.027436	-0.041419
0.000000	0.027755	-0.038892
0.000000	0.026480	-0.037944
0.000000	0.026799	-0.036049
0.000000	0.024887	-0.033838
0.000000	0.024569	-0.032574
0.000000	0.024250	-0.031627
0.000000	0.025206	-0.029415
0.000000	0.021701	-0.029100
0.000000	0.021382	-0.026257
0.000000	0.021701	-0.024361
0.000000	0.022338	-0.024045
0.000000	0.022338	-0.021834
0.000000	0.020108	-0.021203
0.000000	0.020108	-0.019623
0.000000	0.018514	-0.018991
0.000000	0.019470	-0.018360
0.000000	0.018196	-0.017096
0.000000	0.017240	-0.016464
0.000000	0.016921	-0.015201
0.000000	0.016602	-0.013937
0.000000	0.016602	-0.012990
0.000000	0.015647	-0.012042
0.000000	0.014691	-0.012042
0.000000	0.014691	-0.009515
0.000000	0.014691	-0.010147
0.000000	0.013735	-0.009199
0.000000	0.012460	-0.008883
0.000000	0.013416	-0.007936
0.000000	0.013097	-0.007936
0.000000	0.012779	-0.007304
0.000000	0.012779	-0.007304
0.000000	0.010867	-0.006356
0.000000	0.011504	-0.007304
0.000000	0.011186	-0.006040
0.000000	0.010867	-0.006040
0.000000	0.008955	-0.005409
0.000000	0.009592	-0.005409
0.000000	0.009592	-0.005409
0.000000	0.009274	-0.005093
0.000000	0.007680	-0.004777
0.000000	0.008318	-0.004777
0.000000	0.007999	-0.004145
0.000000	0.008636	-0.004461
0.000000	0.007043	-0.004461
0.000000	0.007680	-0.004461
0.000000	0.007680	-0.003513
0.000000	0.005131	-0.004145
0.000000	0.007043	-0.004461
0.000000	0.006087	-0.003829
0.000000	0.004494	-0.004145
0.000000	0.005769	-0.004145
0.000000	0.004813	-0.003197
0.000000	0.004813	-0.003829
0.000000	0.004175	-0.003513
0.000000	0.003857	-0.003829
0.000000	0.003857	-0.002881
0.000000	0.002901	-0.002566
0.000000	0.002582	-0.002881
0.000000	0.003538	-0.002250
0.000000	0.003857	-0.001934
0.000000	0.002901	-0.001618
0.000000	0.003219	-0.002250
0.000000	0.001945	-0.001618
0.000000	0.003538	-0.001934
0.000000	0.002582	-0.001934
0.000000	0.003857	-0.001618
0.000000	0.002582	-0.002250
0.000000	0.002582	-0.001934
0.000000	0.002901	-0.001302
0.000000	0.002264	-0.001618
0.000000	0.003538	-0.000986
0.000000	0.002582	-0.001302
0.000000	0.002582	-0.001302
0.000000	0.002582	-0.001302
0.000000	0.002582	-0.000670
0.000000	0.002582	-0.000670
0.000000	0.002901	-0.000670
0.000000	0.002264	-0.001302
0.000000	0.003219	-0.000986
0.000000	0.002582	-0.000986
0.000000	0.002901	-0.001302
0.000000	0.001945	-0.000670
0.000000	0.002901	-0.001618
0.000000	0.002582	-0.000986
0.000000	0.002582	-0.001618
0.000000	0.002264	-0.001302
0.000000	0.002582	-0.000354
0.000000	0.002582	-0.001302
0.000000	0.002901	-0.000670
0.000000	0.002582	-0.000670
0.000000	0.002582	-0.001618
0.000000	0.003219	-0.001302
0.000000	0.002582	-0.001302
0.000000	0.002264	-0.001302
0.000000	0.002582	-0.001618
0.000000	0.002264	-0.000986
0.000000	0.002901	-0.000354
0.000000	0.003538	-0.001302
0.000000	0.001945	-0.001302
0.000000	0.002582	-0.000986
0.000000	0.003219	-0.000354
0.000000	0.002582	-0.000670
0.000000	0.002582	-0.001302
0.000000	0.002264	-0.000354
0.000000	0.003219	-0.000670
0.000000	0.002582	-0.000670
0.000000	0.003219	-0.001302
0.000000	0.002264	-0.001618
0.000000	0.001945	-0.000670
0.000000	0.001945	-0.001302
0.000000	0.001945	-0.001618
0.000000	0.002264	-0.000670
0.000000	0.002264	-0.001618
0.000000	0.002582	-0.000670
0.000000	0.002582	-0.000354
0.000000	0.002582	-0.001302
0.000000	0.002264	-0.000354
0.000000	0.001945	-0.001618
0.000000	0.002264	-0.001302
0.000000	0.001945	-0.001302
0.000000	0.002582	-0.001302
0.000000	0.002264	-0.000986
0.000000	0.001308	-0.000986
0.000000	0.002582	-0.000354
0.000000	0.002264	-0.001302
0.000000	0.001945	-0.000670
0.000000	0.002901	-0.000354
0.000000	0.001945	-0.000670
0.000000	0.002264	-0.000670
0.000000	0.001626	-0.000670
0.000000	0.002582	-0.000670
0.000000	0.003857	-3.854300E-5
0.000000	0.001945	-0.000670
0.000000	0.003219	-0.001302
0.000000	0.001945	-0.001302
0.000000	0.002264	-0.001302
0.000000	0.001945	-0.001302
0.000000	0.003219	-3.854300E-5
0.000000	0.002582	-0.000354
0.000000	0.002901	-0.000354
0.000000	0.002901	-0.000354
0.000000	0.001626	-0.000670
0.000000	0.001945	-0.000986
0.000000	0.002582	-0.000670
0.000000	0.002264	-0.000986
0.000000	0.002582	-0.001302
0.000000	0.001626	-0.000354
0.000000	0.001626	-0.000986
0.000000	0.001945	-0.000354
0.000000	0.002264	-0.000670
0.000000	0.002582	-0.000986
0.000000	0.001626	-0.001302
0.000000	0.001945	-0.000354
0.000000	0.002264	-0.000670
0.000000	0.002901	-0.000354
0.000000	0.002582	-0.000670
0.000000	0.002264	-0.000354
0.000000	0.001945	-3.854300E-5
0.000000	0.002582	-0.000354
0.000000	0.002264	-0.000354
0.000000	0.002582	-0.000354
0.000000	0.002264	-0.000670
0.000000	0.002582	-0.000986
0.000000	0.002582	-0.000354
0.000000	0.001945	-0.000354
0.000000	0.003219	-0.000670
0.000000	0.001945	-0.000354
0.000000	0.002582	-0.000354
0.000000	0.002264	-0.000670
0.000000	0.001945	-3.854300E-5
0.000000	0.001626	-0.000354
0.000000	0.002901	-0.000354
0.000000	0.002582	-0.000354
0.000000	0.003219	-0.000354
0.000000	0.002264	-0.000670
0.000000	0.002264	-0.000354
0.000000	0.002582	-3.854300E-5
0.000000	0.001945	-0.000354
0.000000	0.002582	-3.854300E-5
0.000000	0.001945	-0.000986
0.000000	0.001945	-0.000670
0.000000	0.002582	-3.854300E-5
0.000000	0.002264	-0.000670
0.000000	0.002582	-0.000354
0.000000	0.002582	-0.000354
0.000000	0.002264	-0.000354
0.000000	0.002264	-0.000354
0.000000	0.002264	-0.000986
0.000000	0.002264	-0.001302
0.000000	0.002582	-0.000354
0.000000	0.001945	-0.000670
0.000000	0.002264	-0.000354
0.000000	0.001945	-0.000354
0.000000	0.001945	-0.000354
0.000000	0.002264	-0.000354

